{
  "cells": [
    {
      "cell_type": "markdown",
      "id": "881afd56",
      "metadata": {
        "id": "881afd56"
      },
      "source": [
        "# &laquo;Машинное обучение&raquo;, AI Masters\n",
        "\n",
        "### Домашняя работа №1. NumPy.\n",
        "\n",
        "Правила:\n",
        "\n",
        "* Задачи разделены на 2 блока.\n",
        "    * В 1 блоке решение всех задач оценивается _суммарно_ на 1 балл.\n",
        "    * Во 2 блоке балл за задачу указан рядом с условием.\n",
        "    * Для того, чтобы приступить ко второму блоку, нужно полностью решить первый блок.\n",
        "* Нужно заполнить ячейки текущего ноутбука (**не нужно** создавать новый ноутбук и копировать в него код)\n",
        "* Для решения задач использовать только библиотеку numpy.\n",
        "* <font color='red'>Запрещается</font> использовать:\n",
        "    * Циклы for/while\n",
        "    * Goto\n",
        "    * Любые функции из https://numpy.org/doc/stable/reference/routines.functional.html (кроме задачи №8)\n",
        "    * Условиями (if/else) пользоваться можно, но без фанатизма :)\n",
        "* После каждой задачи 2 блока предложен небольшой набор тестов, тесты удалять нельзя, можно добавлять новые.\n",
        "\n",
        "ФИО: <font color='red'><Тижин Матвей Романович></font>"
      ]
    },
    {
      "cell_type": "markdown",
      "id": "e00cd39a",
      "metadata": {
        "id": "e00cd39a"
      },
      "source": [
        "Кодстайл\n",
        "\n",
        "* проверка онлайн (пример https://codebeautify.org/python-formatter-beautifier)\n",
        "* линтеры"
      ]
    },
    {
      "cell_type": "code",
      "execution_count": 54,
      "id": "d90a61fa",
      "metadata": {
        "id": "d90a61fa"
      },
      "outputs": [],
      "source": [
        "import numpy as np\n",
        "\n",
        "#Для красивого вывода np.array\n",
        "np.set_printoptions(\n",
        "    precision=3,\n",
        "    suppress=True,\n",
        "    linewidth=100\n",
        ")"
      ]
    },
    {
      "cell_type": "markdown",
      "source": [
        "## Блок 1. Задачи на знакомство с функциями (1 балл)"
      ],
      "metadata": {
        "id": "6sV6yiymYlav"
      },
      "id": "6sV6yiymYlav"
    },
    {
      "cell_type": "markdown",
      "source": [
        "### Задача 1.1\n",
        "\n",
        "Создайте массив 5x5 с числами от 1 до 25, возрастающих по столбцам."
      ],
      "metadata": {
        "id": "edXSyzXfZ5kw"
      },
      "id": "edXSyzXfZ5kw"
    },
    {
      "cell_type": "code",
      "source": [
        "np.arange(1, 26).reshape(5, 5).T"
      ],
      "metadata": {
        "id": "ErpgkXKDa1D3",
        "colab": {
          "base_uri": "https://localhost:8080/"
        },
        "outputId": "9f8fe0ec-22ea-4b44-a61c-515e6433b455"
      },
      "id": "ErpgkXKDa1D3",
      "execution_count": 55,
      "outputs": [
        {
          "output_type": "execute_result",
          "data": {
            "text/plain": [
              "array([[ 1,  6, 11, 16, 21],\n",
              "       [ 2,  7, 12, 17, 22],\n",
              "       [ 3,  8, 13, 18, 23],\n",
              "       [ 4,  9, 14, 19, 24],\n",
              "       [ 5, 10, 15, 20, 25]])"
            ]
          },
          "metadata": {},
          "execution_count": 55
        }
      ]
    },
    {
      "cell_type": "markdown",
      "source": [
        "### Задача 1.2\n",
        "\n",
        "Создайте массив 10x10, заполненную нулями и единицами в виде шахматного поля.\n",
        "\n",
        "Считайте, что элемент с индексом `(0, 0)` должен быть равен `0`."
      ],
      "metadata": {
        "id": "2xOGYHwga2LH"
      },
      "id": "2xOGYHwga2LH"
    },
    {
      "cell_type": "code",
      "source": [
        "A = np.zeros((10, 10), dtype=int)\n",
        "A[::2, 1::2] = 1\n",
        "A[1::2, ::2] = 1\n",
        "A"
      ],
      "metadata": {
        "id": "dn00-_POa1io",
        "colab": {
          "base_uri": "https://localhost:8080/"
        },
        "outputId": "3675d390-2ef2-4f2c-eb96-2778494cf197"
      },
      "id": "dn00-_POa1io",
      "execution_count": 56,
      "outputs": [
        {
          "output_type": "execute_result",
          "data": {
            "text/plain": [
              "array([[0, 1, 0, 1, 0, 1, 0, 1, 0, 1],\n",
              "       [1, 0, 1, 0, 1, 0, 1, 0, 1, 0],\n",
              "       [0, 1, 0, 1, 0, 1, 0, 1, 0, 1],\n",
              "       [1, 0, 1, 0, 1, 0, 1, 0, 1, 0],\n",
              "       [0, 1, 0, 1, 0, 1, 0, 1, 0, 1],\n",
              "       [1, 0, 1, 0, 1, 0, 1, 0, 1, 0],\n",
              "       [0, 1, 0, 1, 0, 1, 0, 1, 0, 1],\n",
              "       [1, 0, 1, 0, 1, 0, 1, 0, 1, 0],\n",
              "       [0, 1, 0, 1, 0, 1, 0, 1, 0, 1],\n",
              "       [1, 0, 1, 0, 1, 0, 1, 0, 1, 0]])"
            ]
          },
          "metadata": {},
          "execution_count": 56
        }
      ]
    },
    {
      "cell_type": "markdown",
      "source": [
        "### Задача 1.3\n",
        "\n",
        "Напишите функцию, принимающую на вход число и создающую массив, где числа растут от 0 до этого числа, а потом снова убывают. Пример для 100:\n",
        "\n",
        "```\n",
        ">>> f(100)\n",
        "array([0, 1, 2, ..., 98, 99, 100, 99, 98, ..., 2, 1, 0])\n",
        "```"
      ],
      "metadata": {
        "id": "DolbhmnKbBdH"
      },
      "id": "DolbhmnKbBdH"
    },
    {
      "cell_type": "code",
      "source": [
        "def f(k):\n",
        "    return np.concatenate([np.arange(k+1), np.arange(k-1, -1, -1)])\n",
        "f(100)\n"
      ],
      "metadata": {
        "id": "8P7k8ZDMbdkw",
        "colab": {
          "base_uri": "https://localhost:8080/"
        },
        "outputId": "825a26de-5dc5-4bf3-a149-e53d676bb552"
      },
      "id": "8P7k8ZDMbdkw",
      "execution_count": 57,
      "outputs": [
        {
          "output_type": "execute_result",
          "data": {
            "text/plain": [
              "array([  0,   1,   2,   3,   4,   5,   6,   7,   8,   9,  10,  11,  12,  13,  14,  15,  16,  17,\n",
              "        18,  19,  20,  21,  22,  23,  24,  25,  26,  27,  28,  29,  30,  31,  32,  33,  34,  35,\n",
              "        36,  37,  38,  39,  40,  41,  42,  43,  44,  45,  46,  47,  48,  49,  50,  51,  52,  53,\n",
              "        54,  55,  56,  57,  58,  59,  60,  61,  62,  63,  64,  65,  66,  67,  68,  69,  70,  71,\n",
              "        72,  73,  74,  75,  76,  77,  78,  79,  80,  81,  82,  83,  84,  85,  86,  87,  88,  89,\n",
              "        90,  91,  92,  93,  94,  95,  96,  97,  98,  99, 100,  99,  98,  97,  96,  95,  94,  93,\n",
              "        92,  91,  90,  89,  88,  87,  86,  85,  84,  83,  82,  81,  80,  79,  78,  77,  76,  75,\n",
              "        74,  73,  72,  71,  70,  69,  68,  67,  66,  65,  64,  63,  62,  61,  60,  59,  58,  57,\n",
              "        56,  55,  54,  53,  52,  51,  50,  49,  48,  47,  46,  45,  44,  43,  42,  41,  40,  39,\n",
              "        38,  37,  36,  35,  34,  33,  32,  31,  30,  29,  28,  27,  26,  25,  24,  23,  22,  21,\n",
              "        20,  19,  18,  17,  16,  15,  14,  13,  12,  11,  10,   9,   8,   7,   6,   5,   4,   3,\n",
              "         2,   1,   0])"
            ]
          },
          "metadata": {},
          "execution_count": 57
        }
      ]
    },
    {
      "cell_type": "markdown",
      "source": [
        "### Задача 1.4\n",
        "\n",
        "Реализуйте функцию, которая считает проекцию одного вектора $a \\in \\mathbb{R}^n$ на другой вектор $b \\in \\mathbb{R}^n$."
      ],
      "metadata": {
        "id": "jmEif25mbdqm"
      },
      "id": "jmEif25mbdqm"
    },
    {
      "cell_type": "code",
      "source": [
        "def project(a, b):\n",
        "    cos_a_b = (a @ b) / np.linalg.norm(b)**2\n",
        "    return b * cos_a_b"
      ],
      "metadata": {
        "id": "8ZhJZ6kabzBP"
      },
      "id": "8ZhJZ6kabzBP",
      "execution_count": 58,
      "outputs": []
    },
    {
      "cell_type": "code",
      "source": [
        "a = np.array([2, 0, 1], dtype=np.float64)\n",
        "b = np.array([1, 0, 0], dtype=np.float64)\n",
        "project(a, b)  # [2, 0, 0]"
      ],
      "metadata": {
        "colab": {
          "base_uri": "https://localhost:8080/"
        },
        "id": "zfcND-tOc7A2",
        "outputId": "8f4fab69-ff75-47d9-cf5c-22c3a8b97e37"
      },
      "id": "zfcND-tOc7A2",
      "execution_count": 59,
      "outputs": [
        {
          "output_type": "execute_result",
          "data": {
            "text/plain": [
              "array([2., 0., 0.])"
            ]
          },
          "metadata": {},
          "execution_count": 59
        }
      ]
    },
    {
      "cell_type": "markdown",
      "source": [
        "### Задача 1.5\n",
        "\n",
        "Создайте случайный массив длины 100 из стандартного нормального распределения. Сделайте так, что с вероятностью 20% каждый элемент превратится в `nan`. Посчитайте в полученном массиве дисперсию, игнорируя пропущенные значения."
      ],
      "metadata": {
        "id": "VXbb0Exgb372"
      },
      "id": "VXbb0Exgb372"
    },
    {
      "cell_type": "code",
      "source": [
        "mask_nan = np.random.choice([0, 1], size=100, p=[0.8, 0.2]).astype(np.bool)\n",
        "A = np.random.normal(size=100)\n",
        "A[mask_nan] = np.nan\n",
        "A"
      ],
      "metadata": {
        "id": "3idFaFWNcC3O",
        "colab": {
          "base_uri": "https://localhost:8080/"
        },
        "outputId": "608a6070-ed64-46ba-b760-6efd22550761"
      },
      "id": "3idFaFWNcC3O",
      "execution_count": 60,
      "outputs": [
        {
          "output_type": "execute_result",
          "data": {
            "text/plain": [
              "array([-0.889, -1.301,  1.402,  0.465,    nan,    nan,  0.306,    nan,  2.233, -0.035, -1.28 ,\n",
              "        0.037,    nan,    nan,  0.211,  0.347, -0.567,  0.414, -0.51 ,    nan, -0.301, -1.118,\n",
              "        0.499, -0.706,  1.444,    nan,  0.468,  0.101,    nan, -2.387,  1.222, -0.814,  0.956,\n",
              "          nan, -0.143, -0.224,    nan,    nan,  0.476,    nan, -1.264,    nan,  0.25 ,  1.147,\n",
              "          nan,  0.287,    nan,  0.907,  0.024, -0.24 ,  0.91 ,  0.618,  0.5  , -1.152, -0.611,\n",
              "          nan,  0.194,  0.028,  0.933,  0.212,    nan,  2.111, -1.03 , -1.336, -0.611,  0.525,\n",
              "       -0.349,    nan, -1.121,  1.473, -0.623, -1.081, -0.123, -0.808, -0.233,  1.335, -0.446,\n",
              "       -0.05 , -0.369, -0.192,  0.82 ,  0.532,    nan, -0.931, -0.134,  0.833, -0.017, -0.128,\n",
              "       -1.808,  0.994, -1.491, -1.282, -0.376,  0.035,  0.045, -0.764, -0.313, -0.607, -1.81 ,\n",
              "       -0.256])"
            ]
          },
          "metadata": {},
          "execution_count": 60
        }
      ]
    },
    {
      "cell_type": "markdown",
      "source": [
        "### Задача 1.6\n",
        "\n",
        "Напишите функцию, создающую матрицу размера $n \\times n$ с единицами на главной и побочной диагоналях.\n",
        "\n",
        "Пример для случая 5x5:\n",
        "```\n",
        "array([[1, 0, 0, 0, 1],\n",
        "       [0, 1, 0, 1, 0],\n",
        "       [0, 0, 1, 0, 0],\n",
        "       [0, 1, 0, 1, 0],\n",
        "       [1, 0, 0, 0, 1]])\n",
        "```"
      ],
      "metadata": {
        "id": "RxT-iDUzeFM-"
      },
      "id": "RxT-iDUzeFM-"
    },
    {
      "cell_type": "code",
      "source": [
        "def double_eye(n: int, dtype: np.dtype = np.int64):\n",
        "    cross_matrix = np.eye(n, n) + np.fliplr(np.eye(n, n))\n",
        "    if n % 2 == 1:\n",
        "        cross_matrix[n // 2, n // 2] = 1\n",
        "    return cross_matrix.astype(int)"
      ],
      "metadata": {
        "id": "FQsbihDbfcnO"
      },
      "id": "FQsbihDbfcnO",
      "execution_count": 61,
      "outputs": []
    },
    {
      "cell_type": "code",
      "source": [
        "double_eye(5)"
      ],
      "metadata": {
        "colab": {
          "base_uri": "https://localhost:8080/"
        },
        "id": "nD9k4DB5NV1F",
        "outputId": "46461dbf-f8ee-4fe8-a520-3bfd98fdd9aa"
      },
      "id": "nD9k4DB5NV1F",
      "execution_count": 62,
      "outputs": [
        {
          "output_type": "execute_result",
          "data": {
            "text/plain": [
              "array([[1, 0, 0, 0, 1],\n",
              "       [0, 1, 0, 1, 0],\n",
              "       [0, 0, 1, 0, 0],\n",
              "       [0, 1, 0, 1, 0],\n",
              "       [1, 0, 0, 0, 1]])"
            ]
          },
          "metadata": {},
          "execution_count": 62
        }
      ]
    },
    {
      "cell_type": "markdown",
      "source": [
        "### Задача 1.7\n",
        "\n",
        "Создайте 2 массива длины 10 из стандартного нормального распределения. Умножьте элементы первого массива на соответствующие элементы второго, но только если элемент во втором больше 0. В остальных случаях оставьте значение из первого массива."
      ],
      "metadata": {
        "id": "S-j5M_LJfcuG"
      },
      "id": "S-j5M_LJfcuG"
    },
    {
      "cell_type": "code",
      "source": [
        "a = np.random.normal(size=10)\n",
        "b = np.random.normal(size=10)\n",
        "\n",
        "mul_a_b = np.where(b > 0, a * b, a)\n",
        "mul_a_b"
      ],
      "metadata": {
        "id": "QFFmkdpkf_Fs",
        "colab": {
          "base_uri": "https://localhost:8080/"
        },
        "outputId": "57090093-0012-4849-a2b2-3a173d775865"
      },
      "id": "QFFmkdpkf_Fs",
      "execution_count": 63,
      "outputs": [
        {
          "output_type": "execute_result",
          "data": {
            "text/plain": [
              "array([-0.694,  0.419, -0.125,  0.964,  0.498,  0.899,  1.208,  0.379, -0.118,  1.62 ])"
            ]
          },
          "metadata": {},
          "execution_count": 63
        }
      ]
    },
    {
      "cell_type": "markdown",
      "source": [
        "### Задача 1.8\n",
        "\n",
        "Дан массив NumPy. Перемешайте значения внутри третьего столбца."
      ],
      "metadata": {
        "id": "v1-k7MYhf_Nd"
      },
      "id": "v1-k7MYhf_Nd"
    },
    {
      "cell_type": "code",
      "source": [
        "arr = np.broadcast_to(np.arange(0, 6)[:, np.newaxis], (6, 8)).copy()\n",
        "arr"
      ],
      "metadata": {
        "colab": {
          "base_uri": "https://localhost:8080/"
        },
        "id": "PGkAhXnwffzN",
        "outputId": "2b364b93-1e17-49c8-8724-422e26d1f5bc"
      },
      "id": "PGkAhXnwffzN",
      "execution_count": 64,
      "outputs": [
        {
          "output_type": "execute_result",
          "data": {
            "text/plain": [
              "array([[0, 0, 0, 0, 0, 0, 0, 0],\n",
              "       [1, 1, 1, 1, 1, 1, 1, 1],\n",
              "       [2, 2, 2, 2, 2, 2, 2, 2],\n",
              "       [3, 3, 3, 3, 3, 3, 3, 3],\n",
              "       [4, 4, 4, 4, 4, 4, 4, 4],\n",
              "       [5, 5, 5, 5, 5, 5, 5, 5]])"
            ]
          },
          "metadata": {},
          "execution_count": 64
        }
      ]
    },
    {
      "cell_type": "code",
      "source": [
        "np.random.shuffle(arr[:, 2]) # Перемешиваем третий столбец (индекс 2)\n",
        "print(arr)"
      ],
      "metadata": {
        "colab": {
          "base_uri": "https://localhost:8080/"
        },
        "id": "MepgILlOOQTe",
        "outputId": "d3d962e9-bc24-4eeb-f54d-c53959fb02bd"
      },
      "execution_count": 65,
      "outputs": [
        {
          "output_type": "stream",
          "name": "stdout",
          "text": [
            "[[0 0 3 0 0 0 0 0]\n",
            " [1 1 4 1 1 1 1 1]\n",
            " [2 2 0 2 2 2 2 2]\n",
            " [3 3 1 3 3 3 3 3]\n",
            " [4 4 5 4 4 4 4 4]\n",
            " [5 5 2 5 5 5 5 5]]\n"
          ]
        }
      ],
      "id": "MepgILlOOQTe"
    },
    {
      "cell_type": "markdown",
      "source": [
        "### Задача 1.9\n",
        "\n",
        "Дан массив NumPy с пропущенными данными.\n",
        "\n",
        "1. Избавьтесь от столбцов, содержащих два и более пропусков.\n",
        "2. Затем заполните оставшиеся столбцы средним по таблице."
      ],
      "metadata": {
        "id": "sNcdePyZgNCN"
      },
      "id": "sNcdePyZgNCN"
    },
    {
      "cell_type": "code",
      "source": [
        "np.random.seed(5)\n",
        "arr = -np.log(np.random.uniform(-0.1, 0.9, (10, 7))).round(2)\n",
        "arr"
      ],
      "metadata": {
        "colab": {
          "base_uri": "https://localhost:8080/"
        },
        "id": "id_CWd1UgSV9",
        "outputId": "7bf0e1a4-6e65-44eb-c7be-b1b035fe0c2d"
      },
      "id": "id_CWd1UgSV9",
      "execution_count": 66,
      "outputs": [
        {
          "output_type": "stream",
          "name": "stderr",
          "text": [
            "/tmp/ipython-input-2278858934.py:2: RuntimeWarning: invalid value encountered in log\n",
            "  arr = -np.log(np.random.uniform(-0.1, 0.9, (10, 7))).round(2)\n"
          ]
        },
        {
          "output_type": "execute_result",
          "data": {
            "text/plain": [
              "array([[2.1 , 0.26, 2.24, 0.2 , 0.95, 0.67, 0.41],\n",
              "       [0.87, 1.63, 2.43,  nan, 0.45, 1.07, 2.84],\n",
              "       [0.25, 1.75, 1.16, 1.63, 0.64, 0.73, 0.69],\n",
              "       [1.8 , 1.69, 1.87, 1.48, 3.12, 2.72, 0.15],\n",
              "       [0.15, 2.43,  nan, 2.26, 0.51, 0.39,  nan],\n",
              "       [0.74,  nan, 0.88, 0.62, 0.12, 1.84, 0.35],\n",
              "       [0.26, 0.2 ,  nan, 1.  , 0.13, 1.21, 0.34],\n",
              "       [0.81, 0.4 , 0.95,  nan,  nan, 4.47, 1.89],\n",
              "       [0.15, 0.63, 0.33, 0.76, 0.62, 0.34, 0.19],\n",
              "       [0.21, 0.32,  nan, 1.34,  nan, 0.81, 0.36]])"
            ]
          },
          "metadata": {},
          "execution_count": 66
        }
      ]
    },
    {
      "cell_type": "code",
      "source": [
        "mask_cols =np.isnan(arr).sum(axis=0) < 2\n",
        "arr[:, mask_cols]"
      ],
      "metadata": {
        "id": "DL5tHnaagAz9",
        "colab": {
          "base_uri": "https://localhost:8080/"
        },
        "outputId": "08366a82-0d9c-4e97-fe19-e91803a34f94"
      },
      "id": "DL5tHnaagAz9",
      "execution_count": 67,
      "outputs": [
        {
          "output_type": "execute_result",
          "data": {
            "text/plain": [
              "array([[2.1 , 0.26, 0.67, 0.41],\n",
              "       [0.87, 1.63, 1.07, 2.84],\n",
              "       [0.25, 1.75, 0.73, 0.69],\n",
              "       [1.8 , 1.69, 2.72, 0.15],\n",
              "       [0.15, 2.43, 0.39,  nan],\n",
              "       [0.74,  nan, 1.84, 0.35],\n",
              "       [0.26, 0.2 , 1.21, 0.34],\n",
              "       [0.81, 0.4 , 4.47, 1.89],\n",
              "       [0.15, 0.63, 0.34, 0.19],\n",
              "       [0.21, 0.32, 0.81, 0.36]])"
            ]
          },
          "metadata": {},
          "execution_count": 67
        }
      ]
    },
    {
      "cell_type": "markdown",
      "source": [
        "### Задача 1.10\n",
        "\n",
        "Сгенерируйте случайный тензор размера 10x10. Добавьте к нему поля из нулей (размер станет 12x12).\n",
        "\n",
        "Выполнить эту задачу нужно именно в таком порядке (промежуточный массив должен быть размера 10x10).\n",
        "\n",
        "Название этого термина на английском - padding."
      ],
      "metadata": {
        "id": "2tH-wxNMgrat"
      },
      "id": "2tH-wxNMgrat"
    },
    {
      "cell_type": "code",
      "source": [
        "import numpy as np\n",
        "A = np.random.rand(10, 10)\n",
        "A = np.pad(A, pad_width=((1, 1), (1, 1)), mode='constant')\n",
        "A.shape\n",
        "\n",
        "A"
      ],
      "metadata": {
        "id": "kCRLbIUDg8vd",
        "colab": {
          "base_uri": "https://localhost:8080/"
        },
        "outputId": "28bf0c7e-13ea-417f-999f-5d522effaaca"
      },
      "id": "kCRLbIUDg8vd",
      "execution_count": 68,
      "outputs": [
        {
          "output_type": "execute_result",
          "data": {
            "text/plain": [
              "array([[0.   , 0.   , 0.   , 0.   , 0.   , 0.   , 0.   , 0.   , 0.   , 0.   , 0.   , 0.   ],\n",
              "       [0.   , 0.051, 0.189, 0.365, 0.244, 0.795, 0.352, 0.639, 0.493, 0.583, 0.939, 0.   ],\n",
              "       [0.   , 0.944, 0.112, 0.844, 0.346, 0.101, 0.383, 0.51 , 0.961, 0.372, 0.012, 0.   ],\n",
              "       [0.   , 0.86 , 0.111, 0.478, 0.85 , 0.515, 0.447, 0.8  , 0.02 , 0.573, 0.411, 0.   ],\n",
              "       [0.   , 0.985, 0.801, 0.054, 0.19 , 0.452, 0.703, 0.332, 0.36 , 0.921, 0.954, 0.   ],\n",
              "       [0.   , 0.408, 0.899, 0.33 , 0.083, 0.527, 0.661, 0.893, 0.965, 0.77 , 0.759, 0.   ],\n",
              "       [0.   , 0.71 , 0.702, 0.767, 0.974, 0.374, 0.083, 0.24 , 0.221, 0.364, 0.81 , 0.   ],\n",
              "       [0.   , 0.06 , 0.45 , 0.813, 0.264, 0.063, 0.242, 0.085, 0.808, 0.17 , 0.195, 0.   ],\n",
              "       [0.   , 0.815, 0.81 , 0.589, 0.915, 0.06 , 0.965, 0.571, 0.303, 0.826, 0.659, 0.   ],\n",
              "       [0.   , 0.987, 0.107, 0.581, 0.473, 0.652, 0.242, 0.031, 0.544, 0.365, 0.892, 0.   ],\n",
              "       [0.   , 0.459, 0.419, 0.633, 0.527, 0.961, 0.789, 0.497, 0.211, 0.604, 0.749, 0.   ],\n",
              "       [0.   , 0.   , 0.   , 0.   , 0.   , 0.   , 0.   , 0.   , 0.   , 0.   , 0.   , 0.   ]])"
            ]
          },
          "metadata": {},
          "execution_count": 68
        }
      ]
    },
    {
      "cell_type": "markdown",
      "source": [
        "### Задача 1.11\n",
        "\n",
        "Сгенерируйте 2 вектора размера `(30,)` - координаты $x$ и $y$ для 30 точек в двумерном пространстве. Найдите матрицу попарных расстояний для этих точек."
      ],
      "metadata": {
        "id": "BVV8632KhPd0"
      },
      "id": "BVV8632KhPd0"
    },
    {
      "cell_type": "code",
      "source": [
        "x = np.random.rand(30)\n",
        "y = np.random.rand(30)\n",
        "\n",
        "x = x[:, np.newaxis]\n",
        "y = y[:, np.newaxis]\n",
        "\n",
        "#Эвклидово расстояние\n",
        "points = np.concatenate([x, y], axis=1)\n",
        "diff = points - points[:, np.newaxis]\n",
        "np.linalg.norm(diff, axis=2)"
      ],
      "metadata": {
        "id": "JzqZ59rIhYpE",
        "colab": {
          "base_uri": "https://localhost:8080/"
        },
        "collapsed": true,
        "outputId": "3e7bda43-478f-4029-a742-d969893205e9"
      },
      "id": "JzqZ59rIhYpE",
      "execution_count": 69,
      "outputs": [
        {
          "output_type": "execute_result",
          "data": {
            "text/plain": [
              "array([[0.   , 0.411, 0.567, 0.438, 0.339, 0.437, 0.46 , 0.51 , 0.35 , 0.525, 0.827, 0.594, 0.637,\n",
              "        0.529, 0.179, 0.237, 0.38 , 0.669, 0.471, 0.201, 0.23 , 0.599, 0.587, 0.429, 0.576, 0.206,\n",
              "        0.488, 0.473, 0.546, 0.687],\n",
              "       [0.411, 0.   , 0.79 , 0.57 , 0.628, 0.754, 0.854, 0.92 , 0.76 , 0.743, 1.231, 0.997, 0.985,\n",
              "        0.924, 0.588, 0.422, 0.629, 1.067, 0.878, 0.39 , 0.287, 0.992, 0.984, 0.833, 0.983, 0.252,\n",
              "        0.889, 0.707, 0.761, 1.003],\n",
              "       [0.567, 0.79 , 0.   , 0.232, 0.234, 0.208, 0.45 , 0.662, 0.562, 0.047, 0.733, 0.571, 0.342,\n",
              "        0.488, 0.575, 0.383, 0.913, 0.891, 0.689, 0.424, 0.51 , 0.862, 0.831, 0.7  , 0.61 , 0.559,\n",
              "        0.753, 0.095, 0.029, 0.283],\n",
              "       [0.438, 0.57 , 0.232, 0.   , 0.218, 0.307, 0.534, 0.717, 0.576, 0.189, 0.883, 0.682, 0.524,\n",
              "        0.593, 0.516, 0.206, 0.815, 0.938, 0.721, 0.248, 0.307, 0.891, 0.865, 0.712, 0.704, 0.361,\n",
              "        0.773, 0.176, 0.203, 0.496],\n",
              "       [0.339, 0.628, 0.234, 0.218, 0.   , 0.126, 0.318, 0.5  , 0.366, 0.198, 0.68 , 0.469, 0.362,\n",
              "        0.381, 0.345, 0.209, 0.679, 0.723, 0.508, 0.239, 0.342, 0.68 , 0.653, 0.505, 0.487, 0.379,\n",
              "        0.564, 0.143, 0.217, 0.375],\n",
              "       [0.437, 0.754, 0.208, 0.307, 0.126, 0.   , 0.247, 0.455, 0.355, 0.196, 0.576, 0.383, 0.236,\n",
              "        0.295, 0.395, 0.335, 0.739, 0.684, 0.481, 0.364, 0.468, 0.653, 0.623, 0.493, 0.414, 0.503,\n",
              "        0.545, 0.156, 0.207, 0.254],\n",
              "       [0.46 , 0.854, 0.45 , 0.534, 0.318, 0.247, 0.   , 0.216, 0.18 , 0.443, 0.381, 0.153, 0.247,\n",
              "        0.071, 0.324, 0.484, 0.634, 0.443, 0.256, 0.495, 0.594, 0.422, 0.389, 0.287, 0.17 , 0.609,\n",
              "        0.326, 0.403, 0.453, 0.347],\n",
              "       [0.51 , 0.92 , 0.662, 0.717, 0.5  , 0.455, 0.216, 0.   , 0.163, 0.651, 0.364, 0.182, 0.44 ,\n",
              "        0.207, 0.333, 0.619, 0.536, 0.229, 0.071, 0.616, 0.701, 0.208, 0.175, 0.13 , 0.124, 0.699,\n",
              "        0.132, 0.607, 0.662, 0.548],\n",
              "       [0.35 , 0.76 , 0.562, 0.576, 0.366, 0.355, 0.18 , 0.163, 0.   , 0.541, 0.488, 0.262, 0.425,\n",
              "        0.225, 0.179, 0.46 , 0.455, 0.364, 0.146, 0.454, 0.538, 0.314, 0.289, 0.139, 0.231, 0.536,\n",
              "        0.197, 0.491, 0.556, 0.519],\n",
              "       [0.525, 0.743, 0.047, 0.189, 0.198, 0.196, 0.443, 0.651, 0.541, 0.   , 0.746, 0.572, 0.362,\n",
              "        0.487, 0.542, 0.336, 0.876, 0.88 , 0.673, 0.378, 0.463, 0.847, 0.817, 0.68 , 0.607, 0.512,\n",
              "        0.735, 0.055, 0.02 , 0.314],\n",
              "       [0.827, 1.231, 0.733, 0.883, 0.68 , 0.576, 0.381, 0.364, 0.488, 0.746, 0.   , 0.234, 0.396,\n",
              "        0.31 , 0.667, 0.863, 0.899, 0.437, 0.432, 0.875, 0.975, 0.483, 0.454, 0.492, 0.258, 0.989,\n",
              "        0.477, 0.723, 0.747, 0.491],\n",
              "       [0.594, 0.997, 0.571, 0.682, 0.469, 0.383, 0.153, 0.182, 0.262, 0.572, 0.234, 0.   , 0.286,\n",
              "        0.088, 0.437, 0.637, 0.701, 0.365, 0.25 , 0.646, 0.744, 0.372, 0.338, 0.304, 0.061, 0.756,\n",
              "        0.313, 0.538, 0.579, 0.397],\n",
              "       [0.637, 0.985, 0.342, 0.524, 0.362, 0.236, 0.247, 0.44 , 0.425, 0.362, 0.396, 0.286, 0.   ,\n",
              "        0.233, 0.543, 0.57 , 0.873, 0.649, 0.494, 0.597, 0.701, 0.646, 0.612, 0.532, 0.342, 0.733,\n",
              "        0.564, 0.351, 0.36 , 0.112],\n",
              "       [0.529, 0.924, 0.488, 0.593, 0.381, 0.295, 0.071, 0.207, 0.225, 0.487, 0.31 , 0.088, 0.233,\n",
              "        0.   , 0.386, 0.554, 0.68 , 0.422, 0.263, 0.565, 0.665, 0.414, 0.38 , 0.306, 0.123, 0.68 ,\n",
              "        0.333, 0.451, 0.494, 0.342],\n",
              "       [0.179, 0.588, 0.575, 0.516, 0.345, 0.395, 0.324, 0.333, 0.179, 0.542, 0.667, 0.437, 0.543,\n",
              "        0.386, 0.   , 0.35 , 0.344, 0.493, 0.292, 0.33 , 0.393, 0.426, 0.411, 0.251, 0.41 , 0.38 ,\n",
              "        0.312, 0.487, 0.56 , 0.616],\n",
              "       [0.237, 0.422, 0.383, 0.206, 0.209, 0.335, 0.484, 0.619, 0.46 , 0.336, 0.863, 0.637, 0.57 ,\n",
              "        0.554, 0.35 , 0.   , 0.617, 0.821, 0.604, 0.043, 0.134, 0.762, 0.742, 0.581, 0.642, 0.178,\n",
              "        0.644, 0.293, 0.356, 0.581],\n",
              "       [0.38 , 0.629, 0.913, 0.815, 0.679, 0.739, 0.634, 0.536, 0.455, 0.876, 0.899, 0.701, 0.873,\n",
              "        0.68 , 0.344, 0.617, 0.   , 0.557, 0.467, 0.581, 0.588, 0.478, 0.489, 0.407, 0.653, 0.545,\n",
              "        0.428, 0.822, 0.895, 0.955],\n",
              "       [0.669, 1.067, 0.891, 0.938, 0.723, 0.684, 0.443, 0.229, 0.364, 0.88 , 0.437, 0.365, 0.649,\n",
              "        0.422, 0.493, 0.821, 0.557, 0.   , 0.218, 0.811, 0.884, 0.08 , 0.083, 0.243, 0.307, 0.873,\n",
              "        0.182, 0.835, 0.891, 0.76 ],\n",
              "       [0.471, 0.878, 0.689, 0.721, 0.508, 0.481, 0.256, 0.071, 0.146, 0.673, 0.432, 0.25 , 0.494,\n",
              "        0.263, 0.292, 0.604, 0.467, 0.218, 0.   , 0.596, 0.674, 0.174, 0.145, 0.06 , 0.194, 0.668,\n",
              "        0.07 , 0.626, 0.686, 0.6  ],\n",
              "       [0.201, 0.39 , 0.424, 0.248, 0.239, 0.364, 0.495, 0.616, 0.454, 0.378, 0.875, 0.646, 0.597,\n",
              "        0.565, 0.33 , 0.043, 0.581, 0.811, 0.596, 0.   , 0.105, 0.749, 0.731, 0.569, 0.647, 0.14 ,\n",
              "        0.632, 0.333, 0.398, 0.614],\n",
              "       [0.23 , 0.287, 0.51 , 0.307, 0.342, 0.468, 0.594, 0.701, 0.538, 0.463, 0.975, 0.744, 0.701,\n",
              "        0.665, 0.393, 0.134, 0.588, 0.884, 0.674, 0.105, 0.   , 0.818, 0.802, 0.641, 0.741, 0.056,\n",
              "        0.703, 0.424, 0.482, 0.716],\n",
              "       [0.599, 0.992, 0.862, 0.891, 0.68 , 0.653, 0.422, 0.208, 0.314, 0.847, 0.483, 0.372, 0.646,\n",
              "        0.414, 0.426, 0.762, 0.478, 0.08 , 0.174, 0.749, 0.818, 0.   , 0.034, 0.181, 0.311, 0.804,\n",
              "        0.119, 0.799, 0.859, 0.755],\n",
              "       [0.587, 0.984, 0.831, 0.865, 0.653, 0.623, 0.389, 0.175, 0.289, 0.817, 0.454, 0.338, 0.612,\n",
              "        0.38 , 0.411, 0.742, 0.489, 0.083, 0.145, 0.731, 0.802, 0.034, 0.   , 0.162, 0.277, 0.79 ,\n",
              "        0.099, 0.77 , 0.83 , 0.721],\n",
              "       [0.429, 0.833, 0.7  , 0.712, 0.505, 0.493, 0.287, 0.13 , 0.139, 0.68 , 0.492, 0.304, 0.532,\n",
              "        0.306, 0.251, 0.581, 0.407, 0.243, 0.06 , 0.569, 0.641, 0.181, 0.162, 0.   , 0.25 , 0.63 ,\n",
              "        0.063, 0.631, 0.695, 0.634],\n",
              "       [0.576, 0.983, 0.61 , 0.704, 0.487, 0.414, 0.17 , 0.124, 0.231, 0.607, 0.258, 0.061, 0.342,\n",
              "        0.123, 0.41 , 0.642, 0.653, 0.307, 0.194, 0.647, 0.741, 0.311, 0.277, 0.25 , 0.   , 0.748,\n",
              "        0.255, 0.57 , 0.616, 0.453],\n",
              "       [0.206, 0.252, 0.559, 0.361, 0.379, 0.503, 0.609, 0.699, 0.536, 0.512, 0.989, 0.756, 0.733,\n",
              "        0.68 , 0.38 , 0.178, 0.545, 0.873, 0.668, 0.14 , 0.056, 0.804, 0.79 , 0.63 , 0.748, 0.   ,\n",
              "        0.691, 0.471, 0.532, 0.754],\n",
              "       [0.488, 0.889, 0.753, 0.773, 0.564, 0.545, 0.326, 0.132, 0.197, 0.735, 0.477, 0.313, 0.564,\n",
              "        0.333, 0.312, 0.644, 0.428, 0.182, 0.07 , 0.632, 0.703, 0.119, 0.099, 0.063, 0.255, 0.691,\n",
              "        0.   , 0.686, 0.749, 0.67 ],\n",
              "       [0.473, 0.707, 0.095, 0.176, 0.143, 0.156, 0.403, 0.607, 0.491, 0.055, 0.723, 0.538, 0.351,\n",
              "        0.451, 0.487, 0.293, 0.822, 0.835, 0.626, 0.333, 0.424, 0.799, 0.77 , 0.631, 0.57 , 0.471,\n",
              "        0.686, 0.   , 0.074, 0.321],\n",
              "       [0.546, 0.761, 0.029, 0.203, 0.217, 0.207, 0.453, 0.662, 0.556, 0.02 , 0.747, 0.579, 0.36 ,\n",
              "        0.494, 0.56 , 0.356, 0.895, 0.891, 0.686, 0.398, 0.482, 0.859, 0.83 , 0.695, 0.616, 0.532,\n",
              "        0.749, 0.074, 0.   , 0.307],\n",
              "       [0.687, 1.003, 0.283, 0.496, 0.375, 0.254, 0.347, 0.548, 0.519, 0.314, 0.491, 0.397, 0.112,\n",
              "        0.342, 0.616, 0.581, 0.955, 0.76 , 0.6  , 0.614, 0.716, 0.755, 0.721, 0.634, 0.453, 0.754,\n",
              "        0.67 , 0.321, 0.307, 0.   ]])"
            ]
          },
          "metadata": {},
          "execution_count": 69
        }
      ]
    },
    {
      "cell_type": "markdown",
      "source": [
        "### Задача 1.12\n",
        "\n",
        "Создайте одномерный тензор длины 95, числа в котором формируют \"пилу\" периода 10.\n",
        "\n",
        "Пример \"пилы\" периода 3: `[1, 2, 3, 1, 2, 3, 1, 2, 3, ...]`"
      ],
      "metadata": {
        "id": "AJjyZRX8hk81"
      },
      "id": "AJjyZRX8hk81"
    },
    {
      "cell_type": "code",
      "source": [
        "A = np.arange(0, 95)\n",
        "A % 10 + 1"
      ],
      "metadata": {
        "id": "ftTSVfe7hoGk",
        "colab": {
          "base_uri": "https://localhost:8080/"
        },
        "outputId": "333e0b6c-9bb2-48c8-a934-02625abfdcc8"
      },
      "id": "ftTSVfe7hoGk",
      "execution_count": 70,
      "outputs": [
        {
          "output_type": "execute_result",
          "data": {
            "text/plain": [
              "array([ 1,  2,  3,  4,  5,  6,  7,  8,  9, 10,  1,  2,  3,  4,  5,  6,  7,  8,  9, 10,  1,  2,  3,\n",
              "        4,  5,  6,  7,  8,  9, 10,  1,  2,  3,  4,  5,  6,  7,  8,  9, 10,  1,  2,  3,  4,  5,  6,\n",
              "        7,  8,  9, 10,  1,  2,  3,  4,  5,  6,  7,  8,  9, 10,  1,  2,  3,  4,  5,  6,  7,  8,  9,\n",
              "       10,  1,  2,  3,  4,  5,  6,  7,  8,  9, 10,  1,  2,  3,  4,  5,  6,  7,  8,  9, 10,  1,  2,\n",
              "        3,  4,  5])"
            ]
          },
          "metadata": {},
          "execution_count": 70
        }
      ]
    },
    {
      "cell_type": "markdown",
      "source": [
        "### Задача 1.13\n",
        "\n",
        "Задан массив. Как эффективно найти в нем $k$ самых больших элементов? Напишите код для $k=20$."
      ],
      "metadata": {
        "id": "6FrJVG8ihoLs"
      },
      "id": "6FrJVG8ihoLs"
    },
    {
      "cell_type": "code",
      "source": [
        "np.random.seed(5)\n",
        "arr = np.random.randint(1, 1000, size=(200,))\n",
        "arr"
      ],
      "metadata": {
        "colab": {
          "base_uri": "https://localhost:8080/"
        },
        "id": "4YaWhBBIlL6h",
        "outputId": "2084677a-606c-4ab4-90c8-2ce705d6ae27"
      },
      "id": "4YaWhBBIlL6h",
      "execution_count": 71,
      "outputs": [
        {
          "output_type": "execute_result",
          "data": {
            "text/plain": [
              "array([868, 207, 702, 999, 119, 401,  74,   9, 741, 744, 959, 412, 625, 671, 721, 520, 205, 912,\n",
              "       114, 438,  81,  28,  45, 206, 716,  66, 432, 543, 981,  87, 638, 147, 255, 378, 650, 363,\n",
              "        42, 447, 898, 211, 104, 145, 975,   6, 827, 769, 977, 901, 111, 677, 874, 692, 540, 800,\n",
              "       771, 325, 295, 106, 980, 148, 275, 882, 246, 136, 869, 365, 622, 671, 191, 780, 492, 836,\n",
              "       381, 450, 184, 388, 604,  79, 924, 926, 802, 730, 854, 392, 529,  95,  15, 987, 800, 266,\n",
              "       551, 816, 145, 390, 419, 686, 700, 409, 398, 375, 236, 745,  32,  33, 333, 173, 902, 399,\n",
              "       176,  95, 851, 897, 136, 215, 529,  65, 265, 475,  45, 639, 678,  95, 460, 902, 746, 919,\n",
              "       181, 838, 723, 701, 860,  30, 217, 633, 226, 477, 720, 839, 548, 880, 277, 178, 512, 585,\n",
              "       673, 211,  14, 221, 508, 752, 147, 309, 338,  23, 827, 980, 373, 861, 980, 946, 261,  83,\n",
              "       244,  37, 170, 277, 161, 779, 544, 272, 893, 535,  71, 394,  64, 607, 271, 707, 379, 570,\n",
              "       660, 961, 521, 137, 634, 456, 781, 661, 828, 713, 203, 983, 201, 673, 656, 111, 454, 548,\n",
              "       703, 492])"
            ]
          },
          "metadata": {},
          "execution_count": 71
        }
      ]
    },
    {
      "cell_type": "code",
      "source": [
        "k = 20\n",
        "arr[np.argsort(arr)[:-k-1:-1]]"
      ],
      "metadata": {
        "colab": {
          "base_uri": "https://localhost:8080/"
        },
        "id": "y7RhI3OqJPYR",
        "outputId": "eabbff06-c041-49ce-eb9d-7fb17d971ea8"
      },
      "id": "y7RhI3OqJPYR",
      "execution_count": 72,
      "outputs": [
        {
          "output_type": "execute_result",
          "data": {
            "text/plain": [
              "array([999, 987, 983, 981, 980, 980, 980, 977, 975, 961, 959, 946, 926, 924, 919, 912, 902, 902,\n",
              "       901, 898])"
            ]
          },
          "metadata": {},
          "execution_count": 72
        }
      ]
    },
    {
      "cell_type": "markdown",
      "source": [
        "## Блок 2. Задачи на применение NumPy"
      ],
      "metadata": {
        "id": "794OXyfiaImP"
      },
      "id": "794OXyfiaImP"
    },
    {
      "cell_type": "markdown",
      "id": "864ff185",
      "metadata": {
        "id": "864ff185"
      },
      "source": [
        "### Задача 2.1 (1 балл)\n",
        "\n",
        "Напишите функцию `get_nonzero_diag_product(X)`, которая подсчитывает произведение ненулевых элементов на диагонали прямоугольной матрицы. Если все элементы на диагонали нулевые, функция должна вернуть `None`."
      ]
    },
    {
      "cell_type": "code",
      "source": [
        "import numpy as np"
      ],
      "metadata": {
        "id": "PYtXyKDZad91"
      },
      "id": "PYtXyKDZad91",
      "execution_count": 73,
      "outputs": []
    },
    {
      "cell_type": "code",
      "execution_count": 74,
      "id": "47cd5347",
      "metadata": {
        "id": "47cd5347"
      },
      "outputs": [],
      "source": [
        "def get_nonzero_diag_product(a):\n",
        "    diag_a_without_0 = np.diag(a)[np.diag(a) != 0]\n",
        "    if diag_a_without_0.shape[0] != 0:\n",
        "        return np.prod(diag_a_without_0)\n",
        "    return None"
      ]
    },
    {
      "cell_type": "code",
      "execution_count": 75,
      "id": "6f714907",
      "metadata": {
        "id": "6f714907"
      },
      "outputs": [],
      "source": [
        "assert np.isclose(get_nonzero_diag_product(\n",
        "    np.array(\n",
        "        [[2, 5, 6, 2, 2],\n",
        "         [9, 2, 6, 6, 9],\n",
        "         [4, 4, 3, 1, 4],\n",
        "         [8, 4, 5, 9, 6],\n",
        "         [5, 3, 5, 5, 3]]\n",
        "    )\n",
        "), 324.0)\n",
        "assert np.isclose(get_nonzero_diag_product(\n",
        "    np.array(\n",
        "        [[1, 4, 5, 1, 5, 7, 4, 7, 1, 4, 3, 3, 2, 6, 3, 6],\n",
        "         [8, 6, 1, 9, 1, 6, 6, 8, 4, 7, 8, 7, 9, 5, 7, 4],\n",
        "         [8, 6, 6, 1, 7, 2, 3, 1, 7, 2, 6, 5, 8, 1, 9, 1],\n",
        "         [3, 8, 7, 5, 4, 1, 7, 3, 8, 1, 6, 4, 3, 1, 1, 7],\n",
        "         [6, 4, 9, 6, 7, 8, 5, 6, 9, 4, 6, 4, 2, 5, 4, 3],\n",
        "         [7, 4, 5, 1, 4, 0, 4, 7, 2, 7, 3, 2, 8, 6, 4, 8],\n",
        "         [5, 5, 6, 8, 8, 3, 8, 2, 5, 5, 3, 2, 7, 1, 5, 3],\n",
        "         [8, 8, 2, 3, 6, 8, 8, 4, 2, 6, 9, 8, 2, 8, 9, 3],\n",
        "         [4, 3, 3, 3, 9, 2, 8, 8, 7, 2, 3, 6, 7, 7, 9, 5],\n",
        "         [5, 2, 5, 2, 9, 2, 3, 5, 3, 4, 5, 7, 9, 3, 7, 9],\n",
        "         [6, 5, 9, 2, 7, 6, 7, 6, 1, 8, 1, 7, 6, 6, 3, 2],\n",
        "         [4, 8, 5, 6, 6, 5, 4, 1, 9, 9, 4, 3, 4, 5, 7, 3],\n",
        "         [9, 1, 9, 6, 8, 7, 8, 2, 7, 5, 9, 9, 8, 5, 2, 6],\n",
        "         [5, 6, 7, 4, 1, 9, 9, 6, 2, 6, 4, 2, 3, 5, 4, 9],\n",
        "         [9, 6, 3, 1, 7, 3, 6, 1, 9, 8, 4, 9, 3, 7, 6, 1],\n",
        "         [9, 5, 6, 8, 7, 5, 4, 3, 9, 9, 4, 4, 3, 3, 1, 3]]\n",
        "    )\n",
        "),2438553600.0)\n",
        "assert np.isclose(get_nonzero_diag_product(\n",
        "    np.array(\n",
        "        [[1, 0],\n",
        "        [0,0]]\n",
        "    )\n",
        "), 1.0)\n",
        "assert get_nonzero_diag_product(\n",
        "    np.array(\n",
        "        [[0, 1],\n",
        "        [1,0]]\n",
        "    )\n",
        ") is None"
      ]
    },
    {
      "cell_type": "markdown",
